0000
0001
0002
0003
0004
0005
0007
0008
0011
0012
0013
0015
0017
0020
0022
0023
0026
0027
0032
0033
0034
0035
0036
0037
0039
0041
0042
0043
0044
0046
0048
0049
0050
0056
0057
0060
0061
0062
0063
0065
0067
0070
0071
0076
0080
0083
0086
0087
0090
0092
0094
0095
0098
0099
0100
0101
0102
0103
0104
0105
0107
0115
0117
0122
0130
0137
0141
0143
0147
0148
0149
0150
0151
0156
0160
0162
0176
0177
0183
0189
0190
0197
0200
0209
0214
0224
0231
0235
0237
0238
0240
0243
0252
0257
0258
0265
0269
0275
0277
0281
0290
0299
0306
0307
0312
0323
0326
0327
0331
0335
0341
0348
0360
0366
0377
0380
0389
0394
0402
0406
0407
0411
0430
0446
0455
0472
0474
0476
0478
0493
0494
0496
0505
0559
0733
0860
1017
4541
5000
5001
5002
5003
5004
5005
5006
5007
5008
5009
5010
5011
5012
5013
5017
